1 0.571364 0.849727 0.130000 0.295082
1 0.686364 0.842896 0.150909 0.292350
1 0.800000 0.837432 0.154545 0.308743
1 0.921364 0.836749 0.157273 0.323770
1 0.337727 0.845628 0.131818 0.308743
1 0.220455 0.844262 0.148182 0.306011
1 0.095455 0.842213 0.152727 0.315574
1 0.450000 0.349727 0.096364 0.188525
1 0.360000 0.347678 0.089091 0.195355
1 0.175000 0.351093 0.115455 0.196721
1 0.080455 0.345628 0.126364 0.196721
1 0.201364 0.170765 0.111818 0.177596
1 0.365000 0.172131 0.091818 0.166667
1 0.114091 0.164617 0.088182 0.176230
1 0.041818 0.161885 0.081818 0.184426
1 0.695455 0.176913 0.100000 0.165301
1 0.776364 0.174863 0.100000 0.153005
1 0.853636 0.180328 0.101818 0.153005
1 0.942273 0.176913 0.115455 0.165301
0 0.456364 0.845628 0.123636 0.308743
0 0.541818 0.351093 0.090909 0.196721
0 0.632273 0.349044 0.108182 0.187158
0 0.721818 0.349727 0.109091 0.191257
0 0.969545 0.353825 0.060909 0.202186
0 0.616364 0.180328 0.109091 0.169399
0 0.535909 0.178962 0.100909 0.161202
0 0.451364 0.165984 0.088182 0.135246
0 0.287273 0.175546 0.083636 0.159836
0 0.270909 0.347678 0.112727 0.198087
0 0.020455 0.356557 0.039091 0.221311
1 0.904545 0.343579 0.105455 0.198087
1 0.815455 0.346311 0.120000 0.192623
