1 0.075808 0.145929 0.109253 0.261137
1 0.177258 0.149002 0.104794 0.254992
1 0.279822 0.148233 0.104794 0.262673
1 0.377926 0.149770 0.102564 0.256528
1 0.471572 0.151306 0.086957 0.259601
1 0.591973 0.149770 0.091416 0.259601
1 0.685619 0.155146 0.111483 0.254992
1 0.929766 0.616743 0.140468 0.268817
1 0.808250 0.618280 0.131550 0.265745
1 0.697882 0.618280 0.113712 0.271889
1 0.604794 0.617512 0.094760 0.270353
1 0.483835 0.619048 0.098105 0.270353
1 0.390190 0.620584 0.113712 0.270353
1 0.287068 0.618280 0.112598 0.271889
1 0.075808 0.616743 0.113712 0.268817
1 0.072464 0.870200 0.120401 0.250384
1 0.185061 0.874040 0.109253 0.251920
1 0.290970 0.872504 0.111483 0.251920
1 0.392419 0.873272 0.113712 0.253456
1 0.488294 0.871736 0.098105 0.250384
1 0.610368 0.874040 0.099220 0.251920
1 0.703456 0.872504 0.111483 0.254992
1 0.818283 0.871736 0.129320 0.256528
1 0.934783 0.874040 0.130435 0.248848
0 0.181159 0.617512 0.114827 0.270353
