1 0.047083 0.357937 0.082500 0.315873
1 0.346250 0.362698 0.079167 0.319048
1 0.422917 0.362698 0.080833 0.319048
1 0.497083 0.362698 0.082500 0.315873
1 0.574583 0.362698 0.082500 0.315873
1 0.880833 0.364286 0.083333 0.319048
1 0.957500 0.361905 0.085000 0.320635
1 0.051667 0.662698 0.083333 0.303175
1 0.124583 0.663492 0.080833 0.301587
1 0.199583 0.665079 0.079167 0.304762
1 0.272917 0.663492 0.080833 0.301587
1 0.423333 0.667460 0.078333 0.303175
1 0.496667 0.668254 0.081667 0.304762
1 0.650000 0.670635 0.078333 0.309524
1 0.723750 0.668254 0.079167 0.304762
1 0.801250 0.669048 0.084167 0.306349
1 0.877083 0.665873 0.079167 0.306349
1 0.956667 0.667460 0.085000 0.312698
0 0.120833 0.359524 0.080000 0.315873
0 0.194583 0.360317 0.075833 0.323810
0 0.268333 0.361905 0.085000 0.333333
0 0.651250 0.363492 0.087500 0.323810
0 0.726667 0.364286 0.086667 0.319048
0 0.803750 0.363492 0.095833 0.317460
0 0.572917 0.666667 0.080833 0.304762
0 0.348750 0.670635 0.079167 0.309524
