1 0.168437 0.117647 0.206875 0.233074
1 0.169687 0.317425 0.201875 0.186459
1 0.170625 0.497225 0.207500 0.184240
1 0.169375 0.675361 0.207500 0.185350
1 0.169375 0.850166 0.203750 0.188679
1 0.654375 0.091010 0.212500 0.177580
1 0.655000 0.291898 0.217500 0.259711
1 0.651250 0.672031 0.213750 0.187569
1 0.652500 0.850721 0.208750 0.185350
1 0.871875 0.857381 0.211250 0.183130
1 0.870000 0.680910 0.212500 0.189789
1 0.869062 0.500555 0.211875 0.188679
1 0.882812 0.292453 0.231875 0.247503
1 0.876563 0.087680 0.226875 0.173141
0 0.653438 0.500000 0.213125 0.185350
