0 0.385500 0.829085 0.257000 0.290855
0 0.610500 0.826087 0.219000 0.278861
0 0.596500 0.604948 0.187000 0.166417
0 0.421000 0.598201 0.188000 0.161919
0 0.250000 0.594453 0.204000 0.187406
0 0.172000 0.821589 0.316000 0.287856
0 0.846000 0.819340 0.308000 0.277361
0 0.769000 0.599700 0.228000 0.170915
0 0.564500 0.371064 0.121000 0.106447
0 0.449000 0.362819 0.122000 0.089955
0 0.332500 0.364318 0.145000 0.092954
0 0.221000 0.371814 0.132000 0.104948
0 0.684500 0.374813 0.141000 0.107946
0 0.798500 0.386807 0.153000 0.119940
0 0.560500 0.290855 0.111000 0.062969
0 0.455500 0.294603 0.113000 0.058471
0 0.352500 0.285607 0.121000 0.064468
0 0.252500 0.290105 0.127000 0.079460
0 0.760500 0.293853 0.123000 0.074963
