0 0.021875 0.030833 0.041250 0.058333
0 0.063125 0.031667 0.048750 0.060000
0 0.106875 0.032500 0.048750 0.061667
0 0.150000 0.033333 0.045000 0.063333
0 0.193750 0.032500 0.045000 0.061667
0 0.236250 0.032500 0.047500 0.061667
0 0.278750 0.034167 0.047500 0.065000
0 0.322500 0.033333 0.050000 0.063333
0 0.365000 0.035000 0.047500 0.066667
0 0.405625 0.035000 0.046250 0.066667
0 0.412500 0.170833 0.042500 0.105000
0 0.373750 0.171667 0.042500 0.103333
0 0.333750 0.171667 0.042500 0.106667
0 0.293750 0.170833 0.042500 0.105000
0 0.254375 0.168333 0.043750 0.103333
0 0.213125 0.168333 0.043750 0.106667
0 0.173125 0.169167 0.043750 0.105000
0 0.131875 0.171667 0.043750 0.106667
0 0.091875 0.169167 0.043750 0.108333
0 0.050000 0.169167 0.045000 0.105000
0 0.015625 0.169167 0.028750 0.105000
0 0.410625 0.400000 0.041250 0.083333
0 0.372500 0.399167 0.042500 0.085000
0 0.332500 0.400000 0.042500 0.083333
0 0.293125 0.399167 0.041250 0.081667
0 0.253125 0.399167 0.043750 0.081667
0 0.212500 0.400000 0.042500 0.083333
0 0.172500 0.398333 0.045000 0.083333
0 0.131250 0.400000 0.042500 0.080000
0 0.090625 0.398333 0.043750 0.083333
0 0.049375 0.398333 0.041250 0.083333
0 0.015625 0.398333 0.028750 0.080000
0 0.411250 0.540000 0.045000 0.113333
0 0.371250 0.540833 0.042500 0.108333
0 0.290000 0.539167 0.042500 0.105000
0 0.248125 0.541667 0.046250 0.106667
0 0.206250 0.543333 0.047500 0.103333
0 0.164375 0.543333 0.048750 0.110000
0 0.122500 0.544167 0.047500 0.108333
0 0.079375 0.545000 0.046250 0.106667
0 0.411875 0.913333 0.043750 0.113333
0 0.372500 0.917500 0.042500 0.105000
0 0.131875 0.920000 0.043750 0.100000
0 0.091250 0.920000 0.047500 0.100000
0 0.048750 0.922500 0.050000 0.108333
0 0.016875 0.925833 0.031250 0.108333
0 0.046875 0.774167 0.046250 0.105000
0 0.088750 0.772500 0.050000 0.098333
0 0.129375 0.771667 0.048750 0.106667
0 0.210625 0.770833 0.046250 0.101667
0 0.250625 0.769167 0.046250 0.101667
0 0.370625 0.767500 0.043750 0.101667
0 0.410000 0.768333 0.045000 0.103333
1 0.333125 0.918333 0.046250 0.110000
1 0.293125 0.918333 0.046250 0.110000
1 0.246250 0.920000 0.042500 0.113333
1 0.169375 0.924167 0.036250 0.111667
1 0.207500 0.925833 0.052500 0.108333
1 0.171875 0.769167 0.048750 0.118333
1 0.290000 0.768333 0.045000 0.110000
1 0.331250 0.767500 0.047500 0.108333
1 0.014375 0.772500 0.026250 0.108333
1 0.036875 0.551667 0.048750 0.120000
1 0.330625 0.545000 0.053750 0.120000
1 0.910000 0.546667 0.047500 0.113333
1 0.828125 0.547500 0.046250 0.121667
1 0.668125 0.544167 0.043750 0.115000
1 0.702500 0.772500 0.045000 0.095000
1 0.661250 0.917500 0.045000 0.111667
1 0.818125 0.919167 0.043750 0.111667
1 0.856250 0.918333 0.047500 0.113333
1 0.895625 0.920000 0.048750 0.106667
1 0.935625 0.920000 0.046250 0.113333
0 0.974375 0.921667 0.043750 0.113333
0 0.777500 0.916667 0.042500 0.110000
0 0.739375 0.916667 0.043750 0.110000
0 0.701250 0.916667 0.045000 0.106667
0 0.661875 0.773333 0.046250 0.093333
0 0.741250 0.772500 0.045000 0.091667
0 0.782500 0.773333 0.045000 0.090000
0 0.823125 0.775000 0.046250 0.086667
0 0.863125 0.773333 0.046250 0.093333
0 0.904375 0.772500 0.048750 0.095000
0 0.944375 0.774167 0.046250 0.088333
0 0.981250 0.772500 0.037500 0.091667
0 0.983750 0.545833 0.032500 0.115000
0 0.950625 0.547500 0.048750 0.121667
0 0.869375 0.547500 0.048750 0.118333
0 0.789375 0.544167 0.046250 0.111667
0 0.748125 0.542500 0.043750 0.111667
0 0.708125 0.541667 0.046250 0.110000
0 0.986250 0.400833 0.027500 0.088333
0 0.954375 0.399167 0.046250 0.088333
0 0.915000 0.400833 0.045000 0.085000
0 0.873750 0.401667 0.045000 0.083333
0 0.833125 0.399167 0.043750 0.085000
0 0.792500 0.398333 0.045000 0.086667
0 0.752500 0.397500 0.045000 0.088333
0 0.711250 0.399167 0.045000 0.085000
0 0.668750 0.398333 0.050000 0.090000
0 0.663125 0.171667 0.041250 0.113333
0 0.700000 0.174167 0.045000 0.115000
0 0.740625 0.173333 0.046250 0.110000
0 0.782500 0.174167 0.045000 0.111667
0 0.822500 0.175833 0.045000 0.115000
0 0.861875 0.173333 0.046250 0.106667
0 0.903750 0.175000 0.045000 0.106667
0 0.945000 0.175000 0.045000 0.110000
0 0.981250 0.174167 0.037500 0.111667
0 0.659375 0.035000 0.041250 0.066667
0 0.697500 0.034167 0.042500 0.065000
0 0.736875 0.035000 0.043750 0.066667
0 0.775625 0.035833 0.046250 0.068333
0 0.815625 0.035000 0.043750 0.066667
0 0.855625 0.035000 0.043750 0.066667
0 0.895625 0.035833 0.043750 0.068333
0 0.936250 0.035833 0.045000 0.068333
0 0.976250 0.035833 0.045000 0.068333
