0 0.527388 0.262212 0.101726 0.156428
1 0.579354 0.287983 0.088082 0.145640
1 0.610453 0.324243 0.088884 0.134852
1 0.651284 0.359754 0.110353 0.091999
1 0.701545 0.414144 0.084470 0.134852
1 0.491874 0.195235 0.102528 0.127360
1 0.158006 0.488013 0.089687 0.126161
1 0.206360 0.523524 0.090490 0.149835
1 0.334270 0.671561 0.096709 0.148636
1 0.371890 0.721307 0.093299 0.149835
1 0.287018 0.626611 0.090891 0.151034
1 0.644964 0.849865 0.107343 0.145640
1 0.819422 0.561283 0.099518 0.129458
1 0.779996 0.499251 0.096910 0.114474
1 0.912620 0.648636 0.098114 0.136949
1 0.249298 0.357507 0.091693 0.094096
0 0.701545 0.899161 0.103331 0.168714
