1 0.159635 0.285938 0.060937 0.132812
1 0.342708 0.291406 0.053125 0.134375
1 0.388542 0.287891 0.052083 0.149219
1 0.432552 0.296484 0.048438 0.133594
1 0.613802 0.294531 0.050521 0.129688
1 0.659896 0.295703 0.052083 0.127344
1 0.751823 0.294922 0.057813 0.139844
1 0.841927 0.294922 0.059896 0.132031
1 0.931771 0.298047 0.061458 0.130469
1 0.950260 0.599219 0.071354 0.156250
1 0.852083 0.597656 0.063542 0.142187
1 0.861719 0.743359 0.061979 0.150781
1 0.762760 0.748437 0.057813 0.159375
1 0.612240 0.743750 0.055729 0.160938
1 0.608073 0.593750 0.055729 0.153125
1 0.512760 0.595703 0.052604 0.152344
1 0.361719 0.744922 0.060937 0.158594
1 0.366406 0.594922 0.057813 0.153906
1 0.320312 0.591797 0.052083 0.152344
1 0.262240 0.742578 0.063021 0.160156
1 0.210417 0.743750 0.062500 0.160938
0 0.974219 0.301172 0.051562 0.136719
0 0.886458 0.297656 0.060417 0.137500
0 0.796094 0.299609 0.060937 0.133594
0 0.704948 0.296094 0.056771 0.134375
0 0.570312 0.296484 0.050000 0.125781
0 0.523958 0.296094 0.048958 0.126562
0 0.478646 0.295312 0.048958 0.134375
0 0.299219 0.293750 0.051562 0.131250
0 0.254948 0.291406 0.050521 0.132812
0 0.207552 0.289453 0.056771 0.139844
0 0.218490 0.594922 0.060937 0.152344
0 0.269271 0.591406 0.064583 0.151562
0 0.415104 0.594922 0.052083 0.149219
0 0.462500 0.594922 0.054167 0.150781
0 0.312240 0.744141 0.058854 0.164844
0 0.412240 0.742969 0.054688 0.157812
0 0.462240 0.743750 0.057813 0.157812
0 0.511719 0.744922 0.051562 0.160156
0 0.561198 0.743359 0.053646 0.163281
0 0.560937 0.592578 0.054167 0.153906
0 0.660156 0.746484 0.055729 0.161719
0 0.658333 0.594531 0.056250 0.145313
0 0.708073 0.595313 0.056771 0.153125
0 0.711458 0.748437 0.060417 0.167187
0 0.812240 0.747656 0.065104 0.165625
0 0.756250 0.598047 0.056250 0.149219
0 0.803906 0.596484 0.056771 0.147656
0 0.902344 0.596094 0.058854 0.156250
0 0.911719 0.746094 0.060937 0.157812
0 0.961458 0.760547 0.072917 0.182031
0 0.981250 0.594531 0.037500 0.159375
