0 0.177343 0.019780 0.030015 0.039011
0 0.176519 0.084341 0.030564 0.097802
0 0.205985 0.085577 0.030930 0.095879
0 0.206076 0.020467 0.030747 0.040385
0 0.234444 0.083929 0.030747 0.096978
0 0.234718 0.019918 0.029832 0.038187
0 0.292002 0.082830 0.031296 0.094780
0 0.263360 0.018544 0.030015 0.036538
0 0.291819 0.018681 0.030930 0.036813
0 0.320370 0.084478 0.030564 0.096429
0 0.320827 0.018956 0.032211 0.037363
0 0.349744 0.083242 0.029283 0.096154
0 0.377837 0.019093 0.030198 0.037637
0 0.378477 0.084066 0.031479 0.097253
0 0.406204 0.082830 0.030198 0.095330
0 0.406387 0.019368 0.030930 0.038187
0 0.435395 0.019780 0.032211 0.039011
0 0.435670 0.083929 0.030930 0.096978
0 0.463763 0.084753 0.030381 0.096978
0 0.492862 0.083654 0.032577 0.098077
0 0.529374 0.083242 0.045571 0.095604
0 0.529740 0.019368 0.045571 0.038187
0 0.615575 0.019643 0.045571 0.038736
0 0.724286 0.083104 0.031662 0.097527
0 0.790630 0.018544 0.046486 0.036538
0 0.178075 0.296154 0.032211 0.095055
0 0.234535 0.297940 0.031296 0.093681
0 0.263818 0.295879 0.029466 0.092857
0 0.292277 0.296429 0.030747 0.093407
0 0.349652 0.296429 0.029466 0.095055
0 0.378111 0.296291 0.031845 0.095330
0 0.407028 0.296841 0.029283 0.094231
0 0.435853 0.295055 0.030198 0.093956
0 0.464861 0.295192 0.030747 0.096978
0 0.493228 0.295879 0.030747 0.096154
0 0.207174 0.390110 0.030747 0.092857
0 0.263452 0.387363 0.030198 0.096154
0 0.291911 0.388462 0.030747 0.094505
0 0.321651 0.389148 0.030930 0.094231
0 0.349469 0.388049 0.029832 0.093681
0 0.407302 0.388324 0.029832 0.094231
0 0.435212 0.387912 0.030747 0.095604
0 0.465044 0.387088 0.031845 0.092857
0 0.522236 0.388324 0.030564 0.092582
0 0.551519 0.388324 0.030198 0.092582
0 0.579978 0.295742 0.031113 0.094231
0 0.636988 0.296291 0.030930 0.096429
0 0.666270 0.296154 0.031662 0.095055
0 0.694729 0.296429 0.031113 0.096703
0 0.607980 0.388599 0.032211 0.094231
0 0.666179 0.387775 0.031845 0.092582
0 0.723737 0.387637 0.032028 0.093956
0 0.782119 0.294643 0.032394 0.094780
0 0.861182 0.294231 0.048133 0.097253
0 0.861274 0.386813 0.046486 0.093407
0 0.818082 0.386951 0.043924 0.094231
0 0.781296 0.597940 0.031113 0.090934
0 0.580985 0.598352 0.031662 0.095055
0 0.181460 0.599725 0.028734 0.092308
0 0.208547 0.599176 0.030198 0.093407
0 0.236914 0.598489 0.031662 0.093132
0 0.265648 0.598626 0.030930 0.093407
0 0.293741 0.598901 0.031479 0.094505
0 0.322657 0.598901 0.031845 0.092857
0 0.351391 0.598626 0.029649 0.093407
0 0.351665 0.690110 0.030198 0.093407
0 0.323206 0.689148 0.030015 0.090934
0 0.294747 0.689698 0.030564 0.092033
0 0.266471 0.690110 0.030381 0.093407
0 0.237463 0.689148 0.030930 0.094231
0 0.208913 0.689560 0.031296 0.093407
0 0.180637 0.688874 0.030381 0.092033
0 0.379209 0.689698 0.030747 0.094780
0 0.408034 0.690522 0.029832 0.094231
0 0.408400 0.599863 0.030930 0.094231
0 0.436676 0.599038 0.030747 0.094231
0 0.465135 0.600137 0.031296 0.094780
0 0.494143 0.599725 0.030747 0.094505
0 0.521962 0.599725 0.030015 0.092857
0 0.464952 0.689973 0.030930 0.094231
0 0.522694 0.690659 0.031113 0.093956
0 0.579795 0.689560 0.030381 0.095055
0 0.608071 0.690659 0.029832 0.095604
0 0.693723 0.689560 0.030564 0.093407
0 0.722273 0.689560 0.030930 0.093407
0 0.780106 0.690247 0.031296 0.094780
0 0.838031 0.688874 0.031113 0.096429
0 0.874085 0.689148 0.045022 0.095330
0 0.917002 0.688874 0.045205 0.094780
0 0.950403 0.971016 0.033675 0.057967
0 0.902818 0.897253 0.045022 0.092308
0 0.837390 0.899451 0.029832 0.094505
0 0.808474 0.899725 0.030564 0.095055
0 0.722273 0.899725 0.030930 0.095055
0 0.694089 0.899588 0.029832 0.094231
0 0.665904 0.899176 0.030198 0.095055
0 0.636988 0.900000 0.029832 0.093407
0 0.608437 0.899451 0.029100 0.092857
0 0.608437 0.971291 0.028001 0.057418
0 0.636805 0.971291 0.030198 0.057418
0 0.693173 0.971429 0.029466 0.057143
0 0.721907 0.971429 0.029466 0.057143
0 0.751281 0.970879 0.030381 0.058242
0 0.807467 0.970604 0.028917 0.058791
0 0.580710 0.899451 0.030381 0.092857
0 0.581168 0.971429 0.031296 0.057143
0 0.551885 0.899038 0.029832 0.093681
0 0.523060 0.900412 0.030747 0.094231
0 0.523152 0.971703 0.030198 0.056593
0 0.494418 0.899313 0.030198 0.092582
0 0.466325 0.899176 0.029283 0.093407
0 0.466600 0.971154 0.029832 0.056593
0 0.437408 0.899451 0.030381 0.093956
0 0.408858 0.899863 0.030381 0.093132
0 0.409316 0.971703 0.029100 0.056593
0 0.381314 0.970604 0.029832 0.058791
0 0.352306 0.899451 0.030381 0.092857
0 0.324030 0.898489 0.030198 0.092033
0 0.295571 0.899038 0.030747 0.093681
0 0.324396 0.971154 0.028734 0.056593
0 0.267844 0.898352 0.028734 0.090659
0 0.239111 0.971291 0.030930 0.057418
0 0.238928 0.897940 0.032394 0.092582
0 0.210102 0.898489 0.031479 0.092033
0 0.182010 0.898626 0.028734 0.089560
0 0.181827 0.970604 0.029100 0.058791
0 0.153825 0.899588 0.031662 0.089835
0 0.210926 0.969505 0.028734 0.056593
0 0.696559 0.018269 0.030015 0.035989
1 0.262628 0.084753 0.030015 0.095330
1 0.348829 0.019643 0.028551 0.036538
1 0.464220 0.019368 0.031296 0.038187
1 0.492862 0.019093 0.032211 0.037637
1 0.573481 0.083929 0.047035 0.097527
1 0.572932 0.019093 0.045205 0.037637
1 0.615300 0.083242 0.046852 0.097253
1 0.659590 0.019505 0.045022 0.037912
1 0.658949 0.082830 0.046303 0.096429
1 0.695370 0.082005 0.031296 0.096429
1 0.753660 0.082005 0.031845 0.099725
1 0.724835 0.018269 0.031662 0.035989
1 0.753660 0.019368 0.031845 0.038187
1 0.782577 0.082143 0.032211 0.099451
1 0.811585 0.080769 0.030930 0.095604
1 0.840867 0.079808 0.033858 0.096429
1 0.834736 0.019780 0.045388 0.039011
1 0.818631 0.295192 0.043924 0.097527
1 0.753843 0.294505 0.033309 0.095604
1 0.724835 0.295330 0.032028 0.098901
1 0.784133 0.389011 0.036420 0.100000
1 0.753935 0.388049 0.031296 0.096429
1 0.695187 0.387637 0.032394 0.095604
1 0.637811 0.387637 0.031479 0.095604
1 0.609078 0.296016 0.031479 0.098626
1 0.580436 0.388049 0.030930 0.096429
1 0.551794 0.296016 0.031845 0.095879
1 0.522419 0.295055 0.030930 0.095604
1 0.493411 0.387775 0.030381 0.094231
1 0.378935 0.387775 0.031296 0.095879
1 0.321102 0.296703 0.031662 0.095604
1 0.236365 0.388462 0.030930 0.093956
1 0.207632 0.297527 0.029832 0.095604
1 0.179356 0.388049 0.030747 0.096429
1 0.032943 0.622940 0.065520 0.048077
1 0.033126 0.670192 0.065886 0.050275
1 0.033492 0.715110 0.066618 0.050000
1 0.033492 0.762500 0.066618 0.047527
1 0.033492 0.808929 0.066618 0.049176
1 0.379118 0.600000 0.030930 0.097802
1 0.436493 0.690385 0.031479 0.095055
1 0.493777 0.691209 0.030747 0.095055
1 0.552068 0.690934 0.031296 0.095055
1 0.551245 0.599176 0.031113 0.098352
1 0.609444 0.599588 0.030381 0.095879
1 0.636896 0.689973 0.031845 0.095879
1 0.666270 0.596841 0.028734 0.093132
1 0.637994 0.597527 0.031113 0.095055
1 0.694546 0.598489 0.030747 0.096429
1 0.666270 0.690110 0.034224 0.095604
1 0.751373 0.690247 0.032394 0.098077
1 0.722731 0.597665 0.031113 0.095330
1 0.752196 0.600000 0.031479 0.096703
1 0.809297 0.689698 0.030381 0.098077
1 0.809389 0.597802 0.031296 0.095055
1 0.838397 0.596978 0.032943 0.095055
1 0.874268 0.597527 0.043924 0.093407
1 0.917002 0.597390 0.045205 0.096978
1 0.944912 0.896978 0.044656 0.093407
1 0.866032 0.899038 0.029649 0.093681
1 0.780381 0.898077 0.030381 0.093956
1 0.751922 0.898214 0.030930 0.094780
1 0.906479 0.971429 0.051245 0.057143
1 0.836933 0.970604 0.030381 0.058791
1 0.865575 0.970879 0.030930 0.058242
1 0.665721 0.970879 0.030564 0.058242
1 0.552160 0.967720 0.030747 0.064560
1 0.494510 0.968956 0.029283 0.062088
1 0.438049 0.971429 0.030564 0.057143
1 0.380490 0.899038 0.031479 0.092033
1 0.352764 0.971291 0.030564 0.057418
1 0.296395 0.971429 0.030198 0.057143
1 0.267844 0.971016 0.029832 0.057967
1 0.152361 0.970192 0.034956 0.059615
