0 0.025000 0.173108 0.048333 0.317230
0 0.082500 0.169887 0.073333 0.314010
0 0.024583 0.830113 0.047500 0.326892
0 0.083750 0.827697 0.070833 0.318841
0 0.152917 0.830113 0.074167 0.314010
0 0.442917 0.829308 0.075833 0.315620
0 0.960417 0.165862 0.074167 0.328502
0 0.888750 0.170692 0.080833 0.318841
0 0.739583 0.165862 0.084167 0.322061
0 0.296250 0.165862 0.080833 0.315620
1 0.155000 0.168277 0.078333 0.317230
1 0.226250 0.167472 0.079167 0.318841
1 0.369167 0.166667 0.078333 0.323671
1 0.444583 0.166667 0.075833 0.320451
1 0.516667 0.167472 0.081667 0.325282
1 0.591667 0.168277 0.080000 0.330113
1 0.663750 0.169082 0.080833 0.325282
1 0.815833 0.173108 0.083333 0.314010
1 0.962083 0.834944 0.075833 0.314010
1 0.887083 0.831723 0.082500 0.326892
1 0.812083 0.830918 0.077500 0.318841
1 0.737083 0.833333 0.077500 0.333333
1 0.662500 0.829308 0.080000 0.328502
1 0.588333 0.834138 0.080000 0.325282
1 0.513750 0.832528 0.075833 0.331723
1 0.369583 0.829308 0.074167 0.322061
1 0.295833 0.828502 0.075000 0.314010
1 0.226667 0.826087 0.076667 0.322061
