0 0.476367 0.406044 0.099609 0.289011
0 0.677148 0.407692 0.104297 0.287912
0 0.963086 0.404396 0.073828 0.287912
0 0.476367 0.731044 0.101172 0.291758
0 0.177734 0.731593 0.103906 0.292857
1 0.782422 0.727473 0.112500 0.283516
1 0.876563 0.730495 0.104688 0.290659
1 0.963867 0.720604 0.072266 0.269780
1 0.675977 0.726648 0.105078 0.287363
1 0.576758 0.725275 0.102734 0.279121
1 0.877734 0.406044 0.108594 0.289011
1 0.778711 0.410440 0.103516 0.293407
1 0.577539 0.407692 0.105859 0.285714
1 0.379883 0.409890 0.101172 0.281319
1 0.280273 0.410989 0.104297 0.281319
1 0.179492 0.409341 0.103516 0.284615
1 0.081250 0.407143 0.103906 0.284615
1 0.076953 0.729945 0.107813 0.289560
1 0.277344 0.732418 0.103906 0.293407
1 0.379492 0.728846 0.105078 0.291758
