0 0.137760 0.450000 0.056771 0.212963
0 0.136979 0.242130 0.060417 0.219444
0 0.197656 0.239815 0.063021 0.214815
0 0.195833 0.449537 0.063542 0.213889
0 0.256510 0.447685 0.061979 0.212037
0 0.256771 0.241667 0.064583 0.211111
0 0.317969 0.239352 0.064062 0.212037
0 0.317969 0.450463 0.066146 0.213889
0 0.378385 0.451389 0.064062 0.217593
0 0.377604 0.241667 0.062500 0.212963
0 0.436719 0.240741 0.060937 0.211111
0 0.437240 0.450463 0.061979 0.215741
0 0.497917 0.449537 0.062500 0.213889
0 0.558073 0.447685 0.061979 0.212037
0 0.617708 0.446296 0.064583 0.207407
0 0.738542 0.448611 0.062500 0.217593
0 0.800000 0.451389 0.063542 0.212037
0 0.859115 0.913889 0.067187 0.172222
0 0.739323 0.910648 0.060937 0.178704
0 0.617969 0.911111 0.060937 0.174074
0 0.558594 0.912500 0.060937 0.175000
0 0.438281 0.913426 0.063021 0.173148
0 0.377083 0.913426 0.062500 0.173148
0 0.317448 0.912963 0.063021 0.174074
0 0.256250 0.912963 0.063542 0.174074
0 0.196094 0.912963 0.064062 0.174074
0 0.135417 0.913426 0.063542 0.173148
1 0.498437 0.911574 0.062500 0.169444
1 0.679167 0.909722 0.063542 0.180556
1 0.798438 0.910648 0.057292 0.178704
1 0.680208 0.449074 0.065625 0.212963
1 0.859375 0.448148 0.067708 0.216667
1 0.861719 0.240741 0.067187 0.211111
1 0.798958 0.240278 0.062500 0.219444
1 0.740625 0.236111 0.063542 0.222222
1 0.679427 0.235185 0.067187 0.216667
1 0.619531 0.237037 0.061979 0.216667
1 0.559375 0.240741 0.065625 0.214815
1 0.498958 0.240278 0.066667 0.215741
