1 0.112142 0.131818 0.223159 0.205051
1 0.110455 0.323737 0.219786 0.198990
1 0.109893 0.515657 0.218662 0.205051
1 0.112423 0.705051 0.223721 0.208081
1 0.114390 0.897980 0.224283 0.204040
1 0.634064 0.121717 0.239460 0.225253
1 0.630129 0.519192 0.230467 0.206061
1 0.631254 0.710101 0.233839 0.208081
1 0.630691 0.900000 0.230467 0.200000
1 0.873806 0.902525 0.252389 0.194949
1 0.867060 0.718182 0.237774 0.202020
1 0.874087 0.523737 0.251827 0.203030
1 0.870714 0.325253 0.246206 0.208081
1 0.875492 0.120202 0.249016 0.234343
0 0.627881 0.326263 0.231591 0.208081
