0 0.255000 0.826855 0.098000 0.286219
1 0.051000 0.199647 0.100000 0.374558
1 0.150000 0.207597 0.108000 0.355124
1 0.250000 0.196996 0.108000 0.383392
1 0.351000 0.203180 0.110000 0.367491
1 0.450500 0.198763 0.107000 0.376325
1 0.547000 0.207597 0.106000 0.365724
1 0.646500 0.205830 0.103000 0.372792
1 0.743000 0.204064 0.102000 0.369258
1 0.846000 0.222615 0.098000 0.342756
1 0.940000 0.228799 0.106000 0.340989
1 0.146500 0.841873 0.125000 0.312721
1 0.353500 0.816254 0.105000 0.353357
1 0.452500 0.826855 0.107000 0.342756
1 0.550500 0.833039 0.103000 0.326855
1 0.648500 0.823322 0.101000 0.349823
1 0.745500 0.827739 0.105000 0.340989
1 0.841000 0.827739 0.102000 0.337456
1 0.938500 0.828622 0.105000 0.339223
