0 0.246489 0.872000 0.153090 0.213333
1 0.120084 0.862667 0.136236 0.218667
1 0.367275 0.872000 0.139045 0.210667
1 0.492275 0.871333 0.136236 0.212000
1 0.630618 0.870667 0.162921 0.210667
1 0.778090 0.872000 0.171348 0.216000
1 0.899579 0.873333 0.155899 0.232000
1 0.748596 0.672000 0.143258 0.173333
1 0.169944 0.674667 0.162921 0.176000
1 0.119382 0.379333 0.120787 0.137333
1 0.217697 0.376000 0.143258 0.133333
1 0.327247 0.378000 0.126404 0.140000
1 0.425562 0.380000 0.106742 0.141333
1 0.733146 0.358667 0.123596 0.128000
1 0.919242 0.358000 0.133427 0.129333
1 0.400983 0.256000 0.096910 0.112000
1 0.054073 0.255333 0.102528 0.102667
1 0.487360 0.248667 0.095506 0.110667
1 0.575843 0.246000 0.112360 0.116000
1 0.852528 0.244000 0.117978 0.112000
1 0.096208 0.065333 0.116573 0.098667
1 0.186798 0.072000 0.106742 0.088000
1 0.268258 0.070000 0.095506 0.086667
1 0.334270 0.071333 0.092697 0.094667
1 0.417135 0.067333 0.095506 0.094667
1 0.648174 0.068667 0.096910 0.092000
1 0.722612 0.066667 0.102528 0.098667
0 0.534410 0.382667 0.127809 0.160000
0 0.632725 0.376000 0.119382 0.149333
0 0.828652 0.372667 0.126404 0.150667
0 0.657303 0.244000 0.092697 0.114667
0 0.759129 0.245333 0.119382 0.104000
0 0.530197 0.675333 0.119382 0.169333
0 0.636236 0.666667 0.132022 0.189333
0 0.249298 0.870667 0.147472 0.213333
0 0.269663 0.681333 0.148876 0.176000
0 0.890449 0.668000 0.199438 0.189333
0 0.047051 0.368000 0.088483 0.125333
0 0.139747 0.258000 0.130618 0.102667
0 0.233146 0.254667 0.120787 0.112000
0 0.320225 0.258667 0.112360 0.106667
0 0.930478 0.246667 0.116573 0.106667
0 0.802669 0.065333 0.105337 0.093333
0 0.894663 0.072667 0.095506 0.092000
0 0.488062 0.074667 0.091292 0.077333
0 0.573034 0.076000 0.092697 0.093333
1 0.066011 0.673333 0.129213 0.162667
1 0.391854 0.681333 0.157303 0.186667
0 0.957163 0.067333 0.085674 0.102667
