1 0.266500 0.136432 0.215000 0.152924
1 0.266500 0.282609 0.211000 0.154423
1 0.264500 0.423538 0.209000 0.151424
1 0.265000 0.568216 0.208000 0.152924
1 0.264500 0.736882 0.205000 0.208396
1 0.269000 0.913793 0.216000 0.157421
1 0.080000 0.920540 0.158000 0.158921
1 0.080000 0.741379 0.158000 0.202399
1 0.079500 0.571214 0.157000 0.149925
1 0.079500 0.426537 0.157000 0.151424
1 0.079000 0.281859 0.156000 0.152924
1 0.079500 0.134933 0.157000 0.158921
1 0.734000 0.139430 0.206000 0.152924
1 0.736000 0.281109 0.198000 0.148426
1 0.735000 0.425037 0.198000 0.148426
1 0.737000 0.568216 0.204000 0.149925
1 0.738000 0.714393 0.204000 0.157421
1 0.738000 0.883808 0.202000 0.202399
1 0.922000 0.882309 0.156000 0.202399
1 0.922500 0.713643 0.155000 0.155922
1 0.921500 0.566717 0.157000 0.152924
1 0.920500 0.425787 0.159000 0.155922
1 0.921500 0.284108 0.157000 0.151424
1 0.920500 0.137931 0.159000 0.155922
