0 0.047500 0.315299 0.053000 0.149254
0 0.092000 0.317164 0.052000 0.141791
0 0.139500 0.316231 0.053000 0.151119
0 0.185000 0.318097 0.054000 0.151119
0 0.233500 0.318097 0.051000 0.147388
0 0.279500 0.317164 0.051000 0.149254
0 0.327000 0.319030 0.052000 0.149254
0 0.375000 0.319963 0.054000 0.151119
0 0.421500 0.317164 0.051000 0.149254
0 0.468500 0.319963 0.051000 0.147388
0 0.516000 0.319030 0.052000 0.145522
0 0.563000 0.318097 0.054000 0.151119
0 0.610500 0.319030 0.051000 0.149254
0 0.658000 0.319963 0.052000 0.151119
0 0.706000 0.315299 0.052000 0.145522
0 0.753500 0.317164 0.053000 0.149254
0 0.801500 0.319030 0.049000 0.152985
0 0.850000 0.316231 0.052000 0.147388
0 0.896500 0.318097 0.053000 0.147388
0 0.945500 0.317164 0.051000 0.149254
0 0.941500 0.094216 0.051000 0.147388
0 0.895000 0.097015 0.054000 0.149254
0 0.847500 0.096082 0.053000 0.147388
0 0.800000 0.097948 0.052000 0.147388
0 0.753000 0.097015 0.050000 0.145522
0 0.707000 0.097015 0.050000 0.141791
0 0.657500 0.096082 0.051000 0.147388
0 0.610500 0.096082 0.051000 0.147388
0 0.564000 0.097948 0.052000 0.143657
0 0.517000 0.101679 0.052000 0.158582
0 0.469000 0.097015 0.052000 0.149254
0 0.421000 0.097948 0.054000 0.151119
0 0.375000 0.097948 0.054000 0.151119
0 0.328000 0.099813 0.052000 0.151119
0 0.280500 0.099813 0.051000 0.151119
0 0.235500 0.099813 0.051000 0.147388
0 0.187500 0.097015 0.053000 0.149254
0 0.141000 0.098881 0.054000 0.152985
0 0.095500 0.098881 0.057000 0.152985
0 0.048000 0.100746 0.048000 0.149254
0 0.060500 0.896455 0.055000 0.143657
0 0.107500 0.906716 0.055000 0.141791
0 0.154000 0.901119 0.056000 0.152985
0 0.199500 0.900187 0.059000 0.154851
0 0.245000 0.897388 0.054000 0.152985
0 0.292500 0.902985 0.055000 0.149254
0 0.339500 0.902052 0.053000 0.151119
0 0.386500 0.902985 0.055000 0.149254
0 0.433500 0.901119 0.053000 0.152985
0 0.483000 0.902985 0.054000 0.149254
0 0.530500 0.902985 0.057000 0.156716
0 0.578000 0.903918 0.056000 0.154851
0 0.626000 0.903918 0.058000 0.147388
0 0.675000 0.905784 0.050000 0.151119
0 0.722000 0.906716 0.052000 0.149254
0 0.771000 0.904851 0.054000 0.152985
0 0.820500 0.906716 0.057000 0.156716
0 0.868000 0.904851 0.052000 0.156716
0 0.917500 0.906716 0.055000 0.152985
0 0.966500 0.911381 0.053000 0.158582
0 0.065000 0.673507 0.054000 0.145522
0 0.114500 0.677239 0.057000 0.152985
0 0.157500 0.677239 0.053000 0.152985
0 0.205500 0.679104 0.055000 0.156716
0 0.250000 0.679104 0.056000 0.149254
0 0.297000 0.679104 0.054000 0.149254
0 0.343500 0.680037 0.053000 0.151119
0 0.391500 0.680037 0.053000 0.158582
0 0.440000 0.680037 0.050000 0.154851
0 0.486000 0.677239 0.050000 0.149254
0 0.532500 0.679104 0.053000 0.152985
0 0.581000 0.682836 0.054000 0.156716
0 0.628500 0.682836 0.059000 0.152985
0 0.675500 0.681903 0.055000 0.151119
0 0.724000 0.681903 0.054000 0.151119
0 0.770500 0.682836 0.055000 0.152985
0 0.819500 0.682836 0.053000 0.152985
0 0.865000 0.685634 0.052000 0.158582
0 0.914000 0.684701 0.052000 0.149254
0 0.961500 0.684701 0.051000 0.152985
