1 0.150000 0.280612 0.084000 0.418367
1 0.226500 0.280612 0.081000 0.408163
1 0.305000 0.278061 0.082000 0.408163
1 0.381500 0.280612 0.083000 0.397959
1 0.458500 0.278061 0.079000 0.413265
1 0.535500 0.281888 0.081000 0.400510
1 0.612500 0.280612 0.085000 0.408163
1 0.692000 0.284439 0.084000 0.400510
1 0.773000 0.280612 0.094000 0.418367
1 0.853000 0.278061 0.078000 0.423469
0 0.848000 0.744898 0.086000 0.418367
0 0.770500 0.737245 0.079000 0.413265
0 0.691500 0.729592 0.081000 0.397959
0 0.613500 0.729592 0.081000 0.397959
0 0.537000 0.727041 0.082000 0.392857
0 0.460000 0.737245 0.082000 0.403061
0 0.384000 0.730867 0.080000 0.415816
0 0.306500 0.743622 0.087000 0.420918
0 0.228500 0.732143 0.081000 0.413265
0 0.151500 0.738520 0.083000 0.405612
