0 0.233500 0.669492 0.115000 0.330508
0 0.347000 0.670904 0.120000 0.333333
0 0.462000 0.669492 0.120000 0.333333
0 0.578500 0.670198 0.121000 0.331921
0 0.349500 0.300847 0.121000 0.336158
0 0.691500 0.301554 0.121000 0.331921
0 0.804000 0.303672 0.120000 0.336158
1 0.234500 0.302966 0.123000 0.329096
1 0.463500 0.302260 0.121000 0.333333
1 0.575500 0.302966 0.121000 0.331921
1 0.920000 0.307203 0.122000 0.329096
1 0.690500 0.664548 0.119000 0.312147
1 0.804000 0.670198 0.124000 0.326271
1 0.921000 0.670198 0.122000 0.326271
