0 0.893000 0.231634 0.154000 0.460270
0 0.749000 0.229385 0.150000 0.449775
0 0.606000 0.230135 0.148000 0.451274
0 0.462500 0.235382 0.149000 0.452774
0 0.318500 0.234633 0.151000 0.454273
0 0.176000 0.231634 0.146000 0.457271
0 0.055000 0.235382 0.108000 0.455772
0 0.750000 0.736882 0.152000 0.463268
0 0.608500 0.732384 0.153000 0.445277
0 0.463500 0.731634 0.153000 0.446777
0 0.318000 0.728636 0.150000 0.431784
0 0.177500 0.736132 0.151000 0.446777
0 0.056500 0.729385 0.111000 0.442279
1 0.895000 0.736882 0.154000 0.457271
