0 0.655000 0.456522 0.216000 0.163418
1 0.655500 0.287106 0.217000 0.208396
1 0.653000 0.096702 0.214000 0.181409
1 0.653500 0.610945 0.213000 0.154423
1 0.654500 0.759370 0.215000 0.157421
1 0.652000 0.909295 0.218000 0.151424
1 0.875000 0.284858 0.224000 0.212894
1 0.869500 0.458021 0.209000 0.169415
1 0.870500 0.610945 0.205000 0.154423
1 0.868500 0.762369 0.207000 0.160420
1 0.869500 0.911544 0.215000 0.161919
1 0.173000 0.904048 0.204000 0.161919
1 0.170000 0.756372 0.204000 0.151424
1 0.170000 0.609445 0.204000 0.157421
1 0.170500 0.461769 0.207000 0.152924
1 0.169500 0.311094 0.205000 0.157421
1 0.167500 0.131184 0.207000 0.208396
