0 0.127000 0.120690 0.100000 0.214393
0 0.208000 0.123688 0.070000 0.208396
0 0.272000 0.122939 0.070000 0.209895
0 0.338500 0.123688 0.073000 0.208396
0 0.405000 0.123688 0.076000 0.205397
0 0.472000 0.122939 0.070000 0.209895
0 0.536000 0.124438 0.070000 0.206897
0 0.603500 0.125187 0.075000 0.208396
0 0.670500 0.123688 0.073000 0.208396
0 0.736000 0.125187 0.072000 0.214393
0 0.803000 0.122189 0.078000 0.208396
0 0.869500 0.122939 0.071000 0.209895
0 0.934000 0.122189 0.072000 0.211394
0 0.933000 0.570465 0.066000 0.202399
0 0.982000 0.569715 0.036000 0.206897
0 0.980500 0.775862 0.039000 0.205397
0 0.928500 0.769865 0.069000 0.199400
0 0.866000 0.571214 0.068000 0.206897
0 0.800000 0.572714 0.072000 0.203898
0 0.737000 0.571964 0.066000 0.202399
0 0.669500 0.572714 0.067000 0.206897
0 0.602000 0.575712 0.070000 0.206897
0 0.473500 0.571214 0.067000 0.212894
0 0.405000 0.571964 0.070000 0.202399
0 0.338500 0.573463 0.071000 0.205397
0 0.273500 0.570465 0.061000 0.205397
0 0.211000 0.573463 0.072000 0.205397
0 0.131000 0.571964 0.098000 0.211394
0 0.131500 0.778111 0.101000 0.209895
0 0.212000 0.778111 0.070000 0.209895
0 0.273000 0.776612 0.064000 0.206897
0 0.336500 0.777361 0.071000 0.208396
0 0.403500 0.775112 0.073000 0.209895
0 0.471000 0.775862 0.072000 0.208396
0 0.533500 0.775112 0.071000 0.209895
0 0.601000 0.775862 0.076000 0.211394
0 0.668000 0.778111 0.072000 0.209895
0 0.730500 0.776612 0.069000 0.209895
0 0.796500 0.775862 0.075000 0.205397
0 0.863500 0.772864 0.073000 0.205397
1 0.536000 0.571214 0.074000 0.215892
