0 0.204000 0.564085 0.066000 0.177570
0 0.267500 0.363818 0.069000 0.182911
0 0.268500 0.566088 0.069000 0.186916
0 0.332500 0.565421 0.067000 0.185581
0 0.398000 0.361816 0.070000 0.178905
0 0.463500 0.363818 0.069000 0.180240
0 0.530000 0.363151 0.070000 0.181575
0 0.594500 0.365154 0.071000 0.180240
0 0.660000 0.364486 0.072000 0.173565
0 0.726500 0.364486 0.071000 0.176235
0 0.792000 0.365821 0.072000 0.181575
0 0.789500 0.564753 0.071000 0.184246
0 0.724000 0.564085 0.070000 0.185581
0 0.658500 0.565421 0.071000 0.185581
0 0.593000 0.566088 0.070000 0.186916
0 0.528000 0.566088 0.070000 0.184246
0 0.463000 0.565421 0.068000 0.185581
0 0.397500 0.567423 0.069000 0.189586
1 0.333000 0.365154 0.068000 0.182911
1 0.202500 0.361816 0.071000 0.178905
0 0.203500 0.931242 0.069000 0.137517
0 0.267500 0.931909 0.069000 0.136182
0 0.333000 0.931909 0.070000 0.136182
0 0.397500 0.929907 0.069000 0.140187
0 0.463000 0.931242 0.070000 0.137517
0 0.528000 0.931242 0.070000 0.137517
0 0.592500 0.929907 0.071000 0.140187
0 0.657500 0.931909 0.071000 0.136182
0 0.723500 0.931242 0.073000 0.137517
0 0.789500 0.930574 0.069000 0.138852
