0 0.111500 0.340330 0.117000 0.323838
0 0.218500 0.345577 0.111000 0.325337
0 0.428500 0.343328 0.109000 0.329835
0 0.531000 0.347076 0.118000 0.325337
0 0.635500 0.344828 0.115000 0.332834
0 0.842000 0.345577 0.110000 0.328336
0 0.740500 0.664918 0.105000 0.322339
0 0.530500 0.664918 0.113000 0.325337
0 0.427500 0.664918 0.111000 0.325337
0 0.324500 0.666417 0.111000 0.328336
0 0.219500 0.666417 0.115000 0.322339
1 0.103500 0.662669 0.133000 0.329835
1 0.324500 0.343328 0.115000 0.329835
1 0.741000 0.347076 0.108000 0.322339
1 0.637000 0.667166 0.116000 0.332834
1 0.840500 0.667916 0.115000 0.325337
0 0.943500 0.344828 0.113000 0.332834
0 0.942500 0.667166 0.115000 0.326837
