0 0.030267 0.143855 0.058962 0.220670
0 0.208333 0.143855 0.069182 0.217877
0 0.329796 0.142458 0.069969 0.220670
0 0.571541 0.143156 0.066038 0.222067
1 0.088050 0.144553 0.069182 0.216480
1 0.147013 0.143156 0.066038 0.224860
1 0.269261 0.143156 0.066824 0.222067
1 0.389151 0.143855 0.066038 0.220670
1 0.450472 0.141760 0.066038 0.222067
1 0.510613 0.141061 0.063679 0.220670
1 0.034591 0.666201 0.066038 0.240223
1 0.094733 0.669693 0.069969 0.236034
1 0.218553 0.666899 0.070755 0.238827
1 0.529481 0.666201 0.066824 0.231844
1 0.032233 0.888966 0.062893 0.222067
1 0.090802 0.889665 0.073113 0.220670
1 0.213836 0.888268 0.070755 0.220670
1 0.403302 0.887570 0.066038 0.224860
1 0.591588 0.888268 0.065252 0.223464
0 0.591195 0.666899 0.067610 0.230447
0 0.527123 0.888268 0.066824 0.223464
0 0.464623 0.887570 0.067610 0.224860
0 0.466588 0.666201 0.066824 0.234637
0 0.404874 0.668994 0.072327 0.237430
0 0.343160 0.668296 0.071541 0.236034
0 0.281840 0.666899 0.063679 0.238827
0 0.278302 0.891061 0.061321 0.217877
0 0.340016 0.886872 0.062107 0.226257
0 0.150550 0.888268 0.068396 0.217877
0 0.158019 0.671788 0.075472 0.237430
1 0.926101 0.912709 0.147799 0.110335
1 0.926494 0.808659 0.147013 0.111732
1 0.924528 0.706006 0.147799 0.113128
1 0.920597 0.604050 0.143082 0.110335
1 0.924135 0.502095 0.151730 0.110335
1 0.920991 0.402235 0.143868 0.111732
0 0.914308 0.303073 0.135220 0.111732
1 0.631682 0.138966 0.063679 0.222067
1 0.693396 0.141061 0.064465 0.217877
1 0.752752 0.140363 0.065252 0.222067
1 0.812893 0.138268 0.066038 0.226257
1 0.924921 0.982542 0.150157 0.034916
