1 0.079167 0.781133 0.157292 0.346756
1 0.194010 0.731544 0.173437 0.359433
1 0.310937 0.672260 0.181250 0.279642
1 0.416406 0.633110 0.186979 0.278896
1 0.521875 0.584638 0.208333 0.243102
1 0.342448 0.408277 0.147396 0.237882
1 0.251042 0.430276 0.138542 0.222222
1 0.146094 0.454139 0.143229 0.293811
1 0.057552 0.480611 0.111979 0.275168
1 0.508594 0.346756 0.140104 0.225205
1 0.798438 0.482849 0.196875 0.245339
1 0.707552 0.524609 0.197396 0.282625
1 0.583073 0.317673 0.140104 0.205817
1 0.313281 0.056301 0.111979 0.111111
1 0.397135 0.045861 0.118229 0.090231
1 0.469792 0.034676 0.103125 0.067860
