1 0.635677 0.809259 0.135937 0.287037
1 0.769010 0.820833 0.168229 0.306481
1 0.541146 0.777315 0.146875 0.286111
1 0.441667 0.738426 0.160417 0.237963
1 0.669792 0.453241 0.073958 0.128704
1 0.734115 0.455093 0.074479 0.104630
1 0.610938 0.437963 0.069792 0.129630
1 0.552083 0.418519 0.076042 0.125926
1 0.721875 0.262500 0.050000 0.062037
1 0.680469 0.261111 0.048438 0.062963
1 0.643490 0.248148 0.054688 0.061111
1 0.607031 0.243519 0.050521 0.064815
1 0.488281 0.413426 0.088021 0.119444
1 0.432552 0.392130 0.080729 0.087963
1 0.177344 0.629167 0.152604 0.202778
1 0.261458 0.648148 0.147917 0.233333
1 0.347396 0.694444 0.144792 0.246296
1 0.466146 0.214352 0.043750 0.065741
