0 0.400391 0.861979 0.222656 0.104167
0 0.431152 0.917318 0.239258 0.110677
0 0.366699 0.823568 0.223633 0.108073
0 0.344238 0.777344 0.209961 0.088542
0 0.324707 0.738281 0.196289 0.078125
0 0.297363 0.705078 0.194336 0.071615
0 0.276367 0.671224 0.179688 0.076823
0 0.256348 0.637370 0.178711 0.074219
1 0.148926 0.473307 0.157227 0.069010
0 0.189941 0.525391 0.155273 0.053385
0 0.206055 0.548177 0.158203 0.052083
0 0.224121 0.571615 0.153320 0.052083
0 0.680176 0.895833 0.249023 0.106771
0 0.636719 0.865885 0.246094 0.106771
0 0.931152 0.669922 0.137695 0.061198
0 0.587891 0.805990 0.201172 0.106771
0 0.551758 0.769531 0.203125 0.098958
0 0.287598 0.215495 0.057617 0.037760
0 0.237793 0.216146 0.051758 0.033854
0 0.194336 0.217448 0.060547 0.039062
