0 0.021250 0.032500 0.040000 0.061667
0 0.061250 0.032500 0.047500 0.061667
0 0.105625 0.032500 0.048750 0.061667
0 0.149375 0.032500 0.046250 0.061667
0 0.193750 0.032500 0.045000 0.061667
0 0.236250 0.032500 0.045000 0.061667
0 0.278125 0.033333 0.043750 0.063333
0 0.320625 0.035000 0.046250 0.063333
0 0.364375 0.035000 0.043750 0.066667
0 0.404375 0.036667 0.043750 0.070000
0 0.411875 0.170833 0.038750 0.108333
0 0.373750 0.172500 0.042500 0.108333
0 0.333750 0.170833 0.042500 0.101667
0 0.293750 0.168333 0.042500 0.100000
0 0.253750 0.168333 0.042500 0.096667
0 0.214375 0.165833 0.041250 0.098333
0 0.173750 0.167500 0.042500 0.098333
0 0.131875 0.169167 0.043750 0.101667
0 0.091875 0.167500 0.043750 0.101667
0 0.050000 0.167500 0.042500 0.101667
0 0.015000 0.169167 0.027500 0.105000
0 0.410625 0.400000 0.038750 0.086667
0 0.371875 0.400000 0.041250 0.083333
0 0.331875 0.399167 0.041250 0.085000
0 0.293125 0.397500 0.041250 0.085000
0 0.253125 0.395833 0.043750 0.085000
0 0.213125 0.396667 0.043750 0.086667
0 0.171875 0.395833 0.043750 0.081667
0 0.131250 0.397500 0.042500 0.085000
0 0.090000 0.397500 0.045000 0.085000
0 0.048750 0.397500 0.042500 0.081667
0 0.015000 0.397500 0.027500 0.081667
0 0.410625 0.540833 0.041250 0.108333
0 0.371250 0.541667 0.042500 0.106667
0 0.290000 0.541667 0.042500 0.103333
0 0.248125 0.542500 0.043750 0.098333
0 0.206875 0.545000 0.043750 0.100000
0 0.165000 0.543333 0.045000 0.100000
0 0.121250 0.545000 0.045000 0.103333
0 0.080625 0.547500 0.043750 0.101667
1 0.329375 0.540833 0.048750 0.108333
1 0.035625 0.551667 0.048750 0.113333
1 0.292500 0.769167 0.040000 0.105000
1 0.331250 0.770833 0.045000 0.111667
1 0.169375 0.767500 0.048750 0.115000
1 0.015000 0.775000 0.027500 0.106667
1 0.169375 0.924167 0.041250 0.111667
1 0.208125 0.924167 0.041250 0.118333
1 0.246250 0.925000 0.045000 0.113333
1 0.288750 0.926667 0.050000 0.126667
1 0.333125 0.921667 0.043750 0.116667
0 0.370625 0.767500 0.043750 0.101667
0 0.410000 0.767500 0.045000 0.105000
0 0.251875 0.767500 0.043750 0.098333
0 0.210625 0.769167 0.043750 0.101667
0 0.128750 0.772500 0.047500 0.101667
0 0.088750 0.773333 0.045000 0.100000
0 0.047500 0.775000 0.045000 0.103333
0 0.411875 0.918333 0.046250 0.116667
0 0.371875 0.916667 0.046250 0.110000
0 0.131875 0.923333 0.046250 0.110000
0 0.091250 0.921667 0.047500 0.110000
0 0.049375 0.924167 0.048750 0.108333
0 0.015000 0.922500 0.027500 0.108333
0 0.700000 0.915833 0.042500 0.105000
0 0.739375 0.915833 0.043750 0.101667
0 0.777500 0.918333 0.045000 0.103333
0 0.974375 0.920000 0.043750 0.106667
0 0.661250 0.772500 0.040000 0.091667
0 0.741875 0.773333 0.043750 0.093333
0 0.782500 0.774167 0.045000 0.091667
0 0.823125 0.775000 0.043750 0.090000
0 0.863750 0.775000 0.042500 0.090000
0 0.904375 0.775833 0.046250 0.091667
0 0.943750 0.775000 0.045000 0.093333
0 0.981250 0.775833 0.037500 0.095000
1 0.662500 0.917500 0.037500 0.108333
1 0.816875 0.918333 0.043750 0.113333
1 0.855000 0.921667 0.045000 0.113333
1 0.895625 0.920833 0.043750 0.108333
1 0.934375 0.919167 0.043750 0.105000
1 0.701875 0.772500 0.043750 0.091667
1 0.910000 0.545833 0.045000 0.105000
1 0.829375 0.545000 0.046250 0.113333
1 0.668750 0.541667 0.042500 0.106667
0 0.706875 0.544167 0.043750 0.108333
0 0.748125 0.542500 0.043750 0.108333
0 0.786875 0.544167 0.043750 0.108333
0 0.868125 0.547500 0.043750 0.105000
0 0.950000 0.548333 0.042500 0.100000
0 0.983750 0.550000 0.032500 0.106667
0 0.986875 0.402500 0.026250 0.085000
0 0.955000 0.400833 0.047500 0.085000
0 0.914375 0.400833 0.046250 0.088333
0 0.873125 0.398333 0.043750 0.090000
0 0.832500 0.399167 0.045000 0.088333
0 0.791875 0.400833 0.043750 0.085000
0 0.751875 0.399167 0.043750 0.085000
0 0.710625 0.399167 0.046250 0.085000
0 0.667500 0.400833 0.047500 0.085000
0 0.662500 0.175000 0.040000 0.110000
0 0.700625 0.172500 0.043750 0.105000
0 0.741875 0.173333 0.043750 0.106667
0 0.782500 0.173333 0.045000 0.106667
0 0.823125 0.175000 0.043750 0.103333
0 0.863125 0.174167 0.046250 0.105000
0 0.904375 0.174167 0.043750 0.105000
0 0.945625 0.174167 0.046250 0.105000
0 0.981875 0.173333 0.036250 0.110000
0 0.660000 0.035000 0.040000 0.066667
0 0.698125 0.035000 0.043750 0.066667
0 0.737500 0.035000 0.042500 0.066667
0 0.778125 0.034167 0.043750 0.065000
0 0.816250 0.035833 0.042500 0.068333
0 0.856875 0.033333 0.043750 0.063333
0 0.897500 0.035833 0.045000 0.068333
0 0.935625 0.035833 0.046250 0.068333
0 0.976875 0.035000 0.046250 0.066667
