0 0.401500 0.751874 0.159000 0.142429
0 0.379500 0.683658 0.161000 0.137931
0 0.354500 0.621439 0.155000 0.127436
0 0.335000 0.567466 0.144000 0.127436
0 0.312500 0.508246 0.151000 0.110945
0 0.296000 0.455022 0.136000 0.100450
0 0.281000 0.416792 0.148000 0.089955
0 0.268000 0.372564 0.132000 0.100450
0 0.445000 0.896552 0.190000 0.161919
0 0.617500 0.823838 0.175000 0.148426
0 0.578000 0.756372 0.166000 0.163418
0 0.878000 0.631934 0.154000 0.136432
0 0.847500 0.568216 0.149000 0.134933
0 0.816000 0.514243 0.152000 0.113943
0 0.780500 0.464768 0.147000 0.107946
0 0.751000 0.417541 0.132000 0.106447
0 0.714000 0.369565 0.132000 0.097451
0 0.689000 0.332834 0.134000 0.110945
0 0.560000 0.680660 0.160000 0.131934
0 0.521500 0.628186 0.147000 0.128936
0 0.499000 0.566717 0.160000 0.131934
0 0.455000 0.461769 0.154000 0.107946
