0 0.425000 0.810345 0.188000 0.142429
0 0.618500 0.816342 0.183000 0.139430
0 0.654500 0.897301 0.199000 0.154423
0 0.581500 0.746627 0.185000 0.134933
0 0.524000 0.619190 0.168000 0.116942
0 0.377000 0.688156 0.166000 0.140930
0 0.455500 0.900300 0.181000 0.157421
0 0.355500 0.621439 0.151000 0.136432
0 0.491500 0.568216 0.155000 0.134933
0 0.764000 0.461769 0.146000 0.116942
0 0.887000 0.408546 0.136000 0.103448
0 0.807500 0.514993 0.129000 0.133433
0 0.841500 0.569715 0.153000 0.125937
0 0.885500 0.626687 0.157000 0.131934
0 0.928500 0.675412 0.143000 0.121439
0 0.739500 0.416042 0.129000 0.103448
0 0.067000 0.877061 0.132000 0.137931
0 0.064000 0.802099 0.126000 0.140930
0 0.054000 0.735382 0.106000 0.121439
0 0.047500 0.670165 0.093000 0.110945
0 0.043500 0.602699 0.085000 0.095952
0 0.294000 0.457271 0.146000 0.092954
0 0.265500 0.364318 0.129000 0.086957
0 0.426000 0.408546 0.140000 0.091454
