0 0.425781 0.919922 0.244141 0.108073
0 0.397949 0.870443 0.235352 0.105469
0 0.367676 0.821615 0.219727 0.101562
0 0.339355 0.777344 0.213867 0.083333
0 0.315918 0.738932 0.200195 0.074219
0 0.294434 0.705078 0.188477 0.069010
0 0.278320 0.667969 0.177734 0.078125
0 0.254395 0.641276 0.176758 0.071615
1 0.146484 0.472005 0.148438 0.074219
0 0.921875 0.672526 0.156250 0.058594
0 0.902832 0.640625 0.194336 0.067708
0 0.875000 0.613281 0.205078 0.065104
0 0.836914 0.579427 0.195312 0.054688
0 0.800781 0.557292 0.191406 0.062500
0 0.596680 0.807292 0.224609 0.106771
0 0.562012 0.764323 0.215820 0.091146
0 0.520020 0.723958 0.208008 0.096354
0 0.681152 0.894531 0.256836 0.111979
0 0.726074 0.944010 0.250977 0.111979
0 0.395020 0.569661 0.186523 0.058594
