1 0.480417 0.544444 0.079167 0.209524
1 0.474167 0.766667 0.085000 0.247619
1 0.547917 0.767460 0.082500 0.246032
1 0.622917 0.765079 0.082500 0.250794
1 0.692500 0.766667 0.095000 0.247619
1 0.402917 0.765079 0.084167 0.257143
1 0.335833 0.772222 0.091667 0.274603
1 0.417917 0.544444 0.084167 0.206349
1 0.490000 0.219048 0.063333 0.130159
1 0.543333 0.221429 0.055000 0.141270
1 0.592083 0.228571 0.059167 0.133333
1 0.441667 0.221429 0.065000 0.144444
1 0.395417 0.230159 0.069167 0.142857
1 0.347083 0.229365 0.069167 0.134921
1 0.645417 0.229365 0.060833 0.138095
1 0.692500 0.227778 0.063333 0.153968
1 0.741250 0.226984 0.062500 0.146032
1 0.791667 0.223810 0.065000 0.139683
1 0.302500 0.230952 0.055000 0.141270
1 0.257500 0.758730 0.098333 0.257143
1 0.186667 0.756349 0.110000 0.255556
1 0.124583 0.757937 0.119167 0.268254
1 0.765417 0.773016 0.092500 0.273016
1 0.838750 0.768254 0.094167 0.273016
1 0.912500 0.752381 0.118333 0.253968
1 0.874583 0.549206 0.077500 0.171429
1 0.169583 0.542857 0.084167 0.187302
1 0.248333 0.226984 0.068333 0.139683
1 0.195833 0.227778 0.060000 0.134921
1 0.452917 0.111905 0.055833 0.100000
1 0.497500 0.104762 0.055000 0.120635
1 0.541667 0.101587 0.046667 0.117460
0 0.586667 0.114286 0.050000 0.104762
1 0.632500 0.108730 0.053333 0.112698
1 0.045000 0.534127 0.088333 0.188889
1 0.109583 0.523016 0.084167 0.204762
1 0.059583 0.757937 0.117500 0.271429
1 0.935833 0.532540 0.083333 0.207937
1 0.841250 0.221429 0.060833 0.153968
1 0.893333 0.220635 0.066667 0.146032
1 0.148333 0.213492 0.055000 0.157143
1 0.103750 0.215079 0.055833 0.144444
1 0.056250 0.223016 0.064167 0.141270
1 0.545417 0.550000 0.067500 0.204762
1 0.612083 0.550794 0.072500 0.203175
1 0.675833 0.542857 0.073333 0.212698
1 0.735417 0.530159 0.079167 0.231746
