1 0.162500 0.289844 0.055208 0.132812
1 0.343490 0.291406 0.053646 0.131250
1 0.388542 0.292969 0.054167 0.139063
1 0.433854 0.289844 0.055208 0.123438
1 0.613021 0.294141 0.052083 0.125781
1 0.657813 0.298438 0.047917 0.126562
1 0.747656 0.299219 0.051562 0.132812
1 0.838281 0.296094 0.051562 0.121875
1 0.929688 0.298828 0.056250 0.127344
1 0.947135 0.600000 0.064062 0.151562
1 0.850000 0.596875 0.056250 0.139063
1 0.862500 0.748828 0.061458 0.160156
1 0.761458 0.747266 0.059375 0.166406
1 0.610417 0.748828 0.054167 0.169531
1 0.608333 0.600391 0.054167 0.161719
1 0.513281 0.593750 0.053646 0.154688
1 0.362240 0.745703 0.058854 0.169531
1 0.261979 0.742578 0.063542 0.158594
1 0.211198 0.747656 0.065104 0.168750
1 0.317969 0.594141 0.056771 0.150781
1 0.367188 0.596484 0.062500 0.150781
0 0.310677 0.744141 0.055729 0.161719
0 0.413542 0.750000 0.053125 0.162500
0 0.461719 0.744922 0.056771 0.158594
0 0.415104 0.594922 0.054167 0.146094
0 0.271615 0.594922 0.059896 0.147656
0 0.221875 0.593750 0.054167 0.156250
0 0.207031 0.288672 0.057813 0.125781
0 0.252344 0.293359 0.058854 0.138281
0 0.295052 0.293359 0.052604 0.133594
0 0.480469 0.293750 0.050521 0.125000
0 0.523438 0.296094 0.046875 0.126562
0 0.567187 0.296484 0.050000 0.130469
0 0.704427 0.297266 0.050521 0.130469
0 0.794271 0.301563 0.051042 0.128125
0 0.884896 0.298438 0.047917 0.126562
0 0.973958 0.298047 0.052083 0.124219
0 0.463021 0.598437 0.056250 0.148438
0 0.512760 0.744922 0.052604 0.161719
0 0.560937 0.742969 0.055208 0.154688
0 0.560937 0.596484 0.053125 0.149219
0 0.657552 0.599609 0.052604 0.150781
0 0.662760 0.748437 0.055729 0.165625
0 0.713281 0.744531 0.058854 0.156250
0 0.810156 0.751563 0.057813 0.171875
0 0.707292 0.594922 0.056250 0.153906
0 0.754687 0.597266 0.057292 0.147656
0 0.802344 0.600000 0.052604 0.151562
0 0.901823 0.597656 0.055729 0.148438
0 0.914583 0.751953 0.063542 0.171094
0 0.963021 0.750000 0.068750 0.160938
0 0.983594 0.603125 0.032813 0.159375
