0 0.536116 0.240935 0.091894 0.136650
0 0.689406 0.890021 0.107544 0.167815
1 0.609250 0.333833 0.081661 0.115673
1 0.651886 0.379383 0.083868 0.133653
1 0.694422 0.422086 0.080257 0.127360
1 0.738162 0.465538 0.080257 0.132754
1 0.771469 0.512137 0.071027 0.121067
1 0.821328 0.551094 0.071629 0.119868
1 0.865068 0.611178 0.081661 0.132754
1 0.906601 0.658226 0.073234 0.132754
1 0.952849 0.702128 0.073836 0.124064
1 0.653993 0.844921 0.083668 0.142343
1 0.498696 0.861402 0.078852 0.139347
1 0.452348 0.814504 0.081661 0.143242
1 0.412119 0.762511 0.077448 0.120767
1 0.367376 0.721906 0.081059 0.129458
1 0.322933 0.678604 0.086878 0.126161
1 0.202247 0.532364 0.077448 0.116572
1 0.167737 0.483218 0.077448 0.129757
1 0.132323 0.441864 0.086878 0.139347
1 0.083567 0.397063 0.079655 0.111477
1 0.246188 0.360653 0.096709 0.145340
1 0.278892 0.421636 0.093098 0.134852
1 0.492777 0.200030 0.083868 0.132754
1 0.119081 0.241384 0.103331 0.146539
1 0.076043 0.188343 0.083066 0.113575
1 0.414326 0.103836 0.080257 0.130357
1 0.447933 0.156278 0.078852 0.126161
1 0.738262 0.937069 0.108949 0.125862
1 0.536818 0.920438 0.091693 0.147737
1 0.049559 0.348816 0.087480 0.152233
